0.120853 0.18179 0.153272
-0.00303316 0.205041 0.170214
-0.0267341 0.306899 0.15279
-0.0301602 0.308615 0.144115
-0.0300982 0.304581 0.147887
-0.03747 0.294222 0.14738
-0.0337151 0.29491 0.15117
-0.0298919 0.290908 0.159601
-0.0356558 0.285685 0.159431
-0.0465682 0.292314 0.157162
-0.0457285 0.29891 0.163974
-0.0445569 0.301712 0.161182
-0.0417828 0.300131 0.16866
-0.0412913 0.306848 0.162637
-0.0395527 0.306775 0.169501
-0.0380597 0.31056 0.166853
-0.0349038 0.30569 0.169742
-0.0343813 0.301994 0.169168
-0.0338487 0.303863 0.171596
-0.0337659 0.307857 0.168081
-0.0301526 0.308777 0.179897
-0.0313415 0.307032 0.176071
-0.029651 0.308106 0.181847
-0.0316294 0.30945 0.182192
-0.0343788 0.312229 0.17723
-0.0316551 0.311698 0.183841
-0.0300912 0.312105 0.186299
-0.0291276 0.313362 0.185098
-0.0285843 0.320353 0.187985
-0.0264123 0.324127 0.19237
-0.0260984 0.319468 0.189791
-0.0254557 0.311445 0.191272
-0.0251581 0.314015 0.188648
-0.0267345 0.317229 0.18717
-0.0294956 0.323172 0.185248
-0.0266341 0.324412 0.189211
-0.0275646 0.32221 0.188362
-0.0259617 0.325555 0.187537
-0.0274468 0.329289 0.187954
-0.0255515 0.330451 0.192142
-0.0262115 0.329801 0.188914
-0.0299127 0.327461 0.18554
-0.028031 0.327803 0.189139
-0.0262182 0.328377 0.191753
-0.0271431 0.3276 0.188077
-0.0226156 0.32806 0.195092
-0.0226156 0.32806 0.195092
-0.0222166 0.330058 0.194803
-0.0189047 0.33119 0.197008
-0.0216785 0.332716 0.198575
-0.0195765 0.335963 0.200942
-0.0186585 0.337231 0.199698
-0.0159291 0.337797 0.200278
-0.0174032 0.334588 0.204439
-0.0171234 0.335725 0.204676
-0.0203419 0.336159 0.199192
-0.0173049 0.34079 0.204579
-0.0168344 0.33917 0.205256
-0.0192338 0.335676 0.201111
-0.0202105 0.335575 0.201513
-0.0209223 0.339818 0.200884
-0.0189173 0.342993 0.201588
-0.0164886 0.339507 0.209604
-0.0197558 0.338122 0.200922
-0.0201641 0.343357 0.201111
-0.0208639 0.346029 0.200992
-0.0200425 0.339941 0.206158
-0.0196078 0.335379 0.202292
-0.0182025 0.337448 0.201648
-0.0195644 0.338615 0.202738
-0.0246056 0.341431 0.202173
-0.0246887 0.342384 0.211047
-0.0271336 0.349636 0.208993
-0.0328428 0.348552 0.206708
-0.0350647 0.343811 0.211885
-0.0353086 0.343141 0.211835
-0.0376743 0.342635 0.212194
-0.0328826 0.351468 0.210928
-0.0339832 0.35609 0.213826
-0.0345722 0.35759 0.21475
-0.0312111 0.36202 0.214024
-0.025349 0.363985 0.222466
-0.0265251 0.364604 0.219912
-0.0294401 0.371699 0.218558
-0.0279098 0.384157 0.224709
-0.0273375 0.386223 0.227165
-0.0249055 0.38526 0.229995
-0.0236646 0.385809 0.230338
-0.0189823 0.381809 0.234593
-0.0126597 0.381918 0.237899
-0.0139488 0.381149 0.234048
-0.0124122 0.382604 0.237614
-0.0115385 0.387654 0.237593
-0.00916101 0.388491 0.240151
-0.0100108 0.388981 0.240499
-0.0123848 0.389564 0.240499
-0.0126487 0.388768 0.24582
-0.0158241 0.389281 0.241517
-0.0153411 0.391872 0.240679
-0.0175064 0.393872 0.237504
-0.0155841 0.395849 0.245985
-0.0158193 0.397227 0.244091
-0.015318 0.394753 0.243332
-0.0162665 0.391857 0.245352
-0.0161771 0.390391 0.248761
-0.0141215 0.394713 0.253769
-0.0184749 0.385875 0.258542
-0.0101489 0.384852 0.269977
-0.0118493 0.376253 0.272539
-0.0114991 0.373104 0.271067
0.0113611 0.389209 0.28471
0.0126221 0.380383 0.293804
0.0215292 0.377047 0.301539
0.03691 0.377424 0.316098
0.0400951 0.376243 0.321083
0.0466328 0.374821 0.329056
0.0439473 0.367861 0.330324
0.0409829 0.358708 0.328758
0.0392421 0.355168 0.331458
0.0363492 0.353812 0.329685
0.0328787 0.34928 0.330864
0.0457981 0.350767 0.351722
0.0375753 0.347718 0.333356
0.0351308 0.349174 0.334992
0.0449361 0.345024 0.34575
0.0589639 0.35276 0.370314
0.0640834 0.367267 0.379374
0.0560767 0.380597 0.357862
