0.248288 2.08192 2.77543e-05 358.754 278.303
0.242555 2.08096 0.000568459 356.83 278.217
0.237217 2.08001 0.00212479 356.056 278.067
0.231497 2.07933 0.000697739 355.285 278.152
0.225865 2.07975 0.000771726 354.741 278.115
0.229193 2.07941 0.00119014 353.613 278.122
0.221895 2.07949 0.000780989 352.893 278.103
0.217507 2.07995 0.000689933 352.136 278.476
0.209193 2.08002 -0.000369462 350.617 278.524
0.207755 2.07973 0.0008505 350.204 278.727
0.201197 2.07905 -0.00012659 349.261 278.318
0.199007 2.07976 0.00161699 348.331 278.655
0.199749 2.07932 0.00330815 347.627 278.422
0.194577 2.07959 0.00146409 346.671 278.448
0.192711 2.08006 0.000639532 346.253 278.638
0.193845 2.08078 0.00101653 346.291 278.621
0.192847 2.08219 0.0010506 346.146 278.293
0.188753 2.08327 0.000238288 346.126 278.406
0.191876 2.08276 3.69733e-05 345.937 278.283
0.18867 2.08327 0.000339559 344.803 278.52
0.180168 2.08316 7.38676e-05 344.156 278.749
0.173812 2.08244 0.000175217 343.478 278.468
0.177636 2.08098 0.000301728 342.827 278.634
0.170321 2.08081 0.000701464 341.882 278.539
0.167123 2.08001 0.00173372 340.701 278.725
0.161167 2.08079 0.00331492 339.683 278.392
0.160334 2.07981 0.00172006 338.773 278.716
0.15382 2.07957 0.00111912 338.103 278.713
0.154297 2.07883 0.00229715 337.454 278.598
0.152029 2.07897 0.00544279 336.979 278.715
0.14698 2.07797 0.00521124 336.3 278.869
0.142999 2.07731 0.00679887 335.208 278.652
0.139796 2.07692 0.00888999 333.39 278.587
0.129385 2.0769 0.0111132 332.155 278.872
0.125272 2.07738 0.017849 330.966 278.757
0.111877 2.07694 0.0190091 329.199 278.657
